MsgID.LOCAL_POSITION,1526683210.1570914,-0.3821657,0.7172771,-0.0597447
MsgID.LOCAL_VELOCITY,1526683210.1570914,0.0000000,0.0000000,-0.0000000
MsgID.GLOBAL_POSITION,1526683210.1677673,-122.3957295,37.7932787,0.0600000
MsgID.LOCAL_VELOCITY,1526683210.1677673,0.0000000,0.0000000,0.0000000
MsgID.LOCAL_POSITION,1526683210.1783416,-0.2210017,0.5623880,-0.0632421
MsgID.LOCAL_VELOCITY,1526683210.1783416,0.0000000,0.0000000,-0.0000000
MsgID.GLOBAL_POSITION,1526683210.1837025,-122.3957303,37.7932799,0.0660000
MsgID.LOCAL_VELOCITY,1526683210.1837025,0.0000000,0.0000000,0.0000000
MsgID.LOCAL_POSITION,1526683210.1838861,-0.1910960,0.5891066,-0.0703147
MsgID.LOCAL_VELOCITY,1526683210.1838861,0.0000000,0.0000000,-0.0000000
MsgID.STATE,1526683210.1841769,False,False
MsgID.GLOBAL_HOME,1526683210.1848018,-122.3957366,37.7932815,0.0000000
MsgID.GLOBAL_POSITION,1526683210.1849372,-122.3957300,37.7932795,0.0740000
MsgID.LOCAL_VELOCITY,1526683210.1849372,0.0000000,0.0000000,0.0000000
MsgID.LOCAL_POSITION,1526683210.1851075,-0.2518194,0.5940529,-0.0796975
MsgID.LOCAL_VELOCITY,1526683210.1851075,0.0000000,0.0000000,-0.0000000
MsgID.GLOBAL_POSITION,1526683210.1852627,-122.3957300,37.7932787,0.0840000
MsgID.LOCAL_VELOCITY,1526683210.1852627,0.0000000,0.0000000,0.0000000
MsgID.LOCAL_POSITION,1526683210.1854053,-0.3807946,0.5665168,-0.0883357
MsgID.LOCAL_VELOCITY,1526683210.1854053,0.0000000,0.0000000,-0.0000000
MsgID.GLOBAL_POSITION,1526683210.1855428,-122.3957303,37.7932782,0.0900000
MsgID.LOCAL_VELOCITY,1526683210.1855428,0.0000000,0.0000000,0.0000000
MsgID.LOCAL_POSITION,1526683210.1856799,-0.2891111,0.6131864,-0.0918913
MsgID.LOCAL_VELOCITY,1526683210.1856799,0.0000000,0.0000000,-0.0000000
MsgID.GLOBAL_POSITION,1526683210.1858146,-122.3957288,37.7932795,0.0910000
MsgID.LOCAL_VELOCITY,1526683210.1858146,0.0000000,0.0000000,0.0000000
MsgID.LOCAL_POSITION,1526683210.1859503,-0.2227480,0.7474002,-0.0891622
MsgID.LOCAL_VELOCITY,1526683210.1859503,0.0000000,0.0000000,-0.0000000
MsgID.STATE,1526683210.1913152,False,False
MsgID.GLOBAL_HOME,1526683210.1915910,-122.3957366,37.7932815,0.0000000
MsgID.GLOBAL_POSITION,1526683210.1917109,-122.3957285,37.7932790,0.0860000
MsgID.LOCAL_VELOCITY,1526683210.1917109,0.0000000,0.0000000,0.0000000
MsgID.LOCAL_POSITION,1526683210.1918416,-0.3509276,0.6907655,-0.0804129
MsgID.LOCAL_VELOCITY,1526683210.1918416,0.0000000,0.0000000,-0.0000000
MsgID.GLOBAL_POSITION,1526683210.1919649,-122.3957287,37.7932783,0.0750000
MsgID.LOCAL_VELOCITY,1526683210.1919649,0.0000000,0.0000000,0.0000000
MsgID.LOCAL_POSITION,1526683210.2398324,-0.3593483,-0.0124237,-0.0690857
MsgID.LOCAL_VELOCITY,1526683210.2398324,-0.0000066,-0.0000132,0.0000482
MsgID.GLOBAL_POSITION,1526683210.3581762,-122.3957304,37.7932783,0.0630000
MsgID.LOCAL_VELOCITY,1526683210.3581762,0.0000000,0.0000000,0.0000000
MsgID.LOCAL_POSITION,1526683210.4843109,-0.3799602,-0.2142101,-0.0593940
MsgID.LOCAL_VELOCITY,1526683210.4843109,-0.0000096,-0.0000093,0.0000507
MsgID.GLOBAL_POSITION,1526683210.6077635,-122.3957311,37.7932779,0.0570000
MsgID.LOCAL_VELOCITY,1526683210.6077635,0.0000000,0.0000000,0.0000000
MsgID.LOCAL_POSITION,1526683210.7403190,-0.3605771,-0.0934798,-0.0568385
MsgID.LOCAL_VELOCITY,1526683210.7403190,-0.0000023,0.0000096,-0.0000068
MsgID.STATE,1526683210.8174100,True,True
MsgID.GLOBAL_HOME,1526683210.8334324,-122.3957290,37.7932815,0.0000000
MsgID.GLOBAL_POSITION,1526683210.8807890,-122.3957299,37.7932790,0.0600000
MsgID.LOCAL_VELOCITY,1526683210.8807890,0.0000000,0.0000000,-0.1500000
MsgID.LOCAL_POSITION,1526683210.9901588,-0.1952222,-0.1751153,-0.1690699
MsgID.LOCAL_VELOCITY,1526683210.9901588,-0.0001124,0.0023320,-1.3327466
MsgID.GLOBAL_POSITION,1526683211.1028252,-122.3957314,37.7932799,0.3920000
MsgID.LOCAL_VELOCITY,1526683211.1028252,0.0000000,0.0000000,-2.3000000
MsgID.LOCAL_POSITION,1526683211.2404587,-0.2179879,-0.1180253,-0.7512531
MsgID.LOCAL_VELOCITY,1526683211.2404587,-0.0099298,0.0173503,-2.8528128
MsgID.GLOBAL_POSITION,1526683211.3578947,-122.3957290,37.7932791,1.1150000
MsgID.LOCAL_VELOCITY,1526683211.3578947,-0.0100000,0.0100000,-3.1600000
MsgID.LOCAL_POSITION,1526683211.4914689,-0.3245595,0.0628788,-1.5654713
MsgID.LOCAL_VELOCITY,1526683211.4914689,-0.0162889,0.0125483,-3.3124280
MsgID.GLOBAL_POSITION,1526683211.6024055,-122.3957284,37.7932781,1.9720000
MsgID.LOCAL_VELOCITY,1526683211.6024055,-0.0100000,0.0000000,-3.3700000
MsgID.LOCAL_POSITION,1526683211.7350044,-0.4014518,0.0584395,-2.4488657
MsgID.LOCAL_VELOCITY,1526683211.7350044,-0.0051264,-0.0077546,-3.4586234
MsgID.STATE,1526683211.8173892,True,True
MsgID.GLOBAL_HOME,1526683211.8441944,-122.3957290,37.7932815,0.0000000
MsgID.GLOBAL_POSITION,1526683211.8857708,-122.3957279,37.7932783,2.8470000
MsgID.LOCAL_VELOCITY,1526683211.8857708,0.0000000,-0.0100000,-2.8300000
MsgID.LOCAL_POSITION,1526683211.9849393,-0.2617794,0.1010423,-3.1500273
MsgID.LOCAL_VELOCITY,1526683211.9849393,-0.0013269,-0.0102635,-1.4631120
MsgID.GLOBAL_POSITION,1526683212.1028538,-122.3957284,37.7932796,3.2650000
MsgID.LOCAL_VELOCITY,1526683212.1028538,0.0000000,0.0000000,-0.2800000
MsgID.LOCAL_POSITION,1526683212.2414367,-0.2064304,-0.0019826,-3.2310441
MsgID.LOCAL_VELOCITY,1526683212.2414367,-0.0012464,-0.0096404,1.0075910
MsgID.GLOBAL_POSITION,1526683212.3529525,-122.3957293,37.7932796,3.0660000
MsgID.LOCAL_VELOCITY,1526683212.3529525,0.1600000,0.0000000,1.8100000
MsgID.LOCAL_POSITION,1526683212.4913700,-0.1495681,-0.0603040,-2.8497550
MsgID.LOCAL_VELOCITY,1526683212.4913700,1.2030231,-0.0064224,1.3679817
MsgID.GLOBAL_POSITION,1526683212.6079586,-122.3957302,37.7932813,2.7400000
MsgID.LOCAL_VELOCITY,1526683212.6079586,2.2900000,0.0000000,0.5500000
MsgID.LOCAL_POSITION,1526683212.7362785,0.2292405,-0.1197120,-2.7245324
MsgID.LOCAL_VELOCITY,1526683212.7362785,3.4179335,0.0053359,-0.3404995
MsgID.STATE,1526683212.8229475,True,True
MsgID.GLOBAL_HOME,1526683212.8344316,-122.3957290,37.7932815,0.0000000
MsgID.GLOBAL_POSITION,1526683212.8857775,-122.3957301,37.7932871,2.7860000
MsgID.LOCAL_VELOCITY,1526683212.8857775,4.1400000,0.0100000,-0.7200000
MsgID.LOCAL_POSITION,1526683212.9899704,1.2113904,-0.0770368,-2.8652213
MsgID.LOCAL_VELOCITY,1526683212.9899704,4.6331816,0.0148560,-0.5788338
MsgID.GLOBAL_POSITION,1526683213.1081018,-122.3957299,37.7932975,2.9000000
MsgID.LOCAL_VELOCITY,1526683213.1081018,4.9500000,0.0100000,-0.2700000
MsgID.LOCAL_POSITION,1526683213.2416101,2.4203041,-0.1234994,-2.8939950
MsgID.LOCAL_VELOCITY,1526683213.2416101,5.3645535,0.0175395,-0.0204911
MsgID.GLOBAL_POSITION,1526683213.3567395,-122.3957311,37.7933090,2.8700000
MsgID.LOCAL_VELOCITY,1526683213.3567395,5.8000000,0.0200000,0.0100000
MsgID.LOCAL_POSITION,1526683213.4902911,3.9038024,-0.1771642,-2.8464394
MsgID.LOCAL_VELOCITY,1526683213.4902911,6.3876586,0.0329989,-0.1108880
MsgID.GLOBAL_POSITION,1526683213.6089215,-122.3957299,37.7933242,2.8400000
MsgID.LOCAL_VELOCITY,1526683213.6089215,6.8900000,0.0400000,-0.2500000
MsgID.LOCAL_POSITION,1526683213.7402079,5.7427745,0.0569908,-2.8494921
MsgID.LOCAL_VELOCITY,1526683213.7402079,7.4145145,0.0540085,-0.3185758
MsgID.STATE,1526683213.8225336,True,True
MsgID.GLOBAL_HOME,1526683213.8443644,-122.3957290,37.7932815,0.0000000
MsgID.GLOBAL_POSITION,1526683213.8857698,-122.3957283,37.7933410,2.8580000
MsgID.LOCAL_VELOCITY,1526683213.8857698,7.8000000,0.0400000,-0.2900000
MsgID.LOCAL_POSITION,1526683213.9900537,7.6430202,-0.0748430,-2.8694394
MsgID.LOCAL_VELOCITY,1526683213.9900537,8.2077875,0.0173038,-0.2690656
MsgID.GLOBAL_POSITION,1526683214.1089344,-122.3957310,37.7933589,2.8760000
MsgID.LOCAL_VELOCITY,1526683214.1089344,8.4300000,0.0100000,-0.1800000
MsgID.LOCAL_POSITION,1526683214.2299471,9.7815676,-0.1531154,-2.8800807
MsgID.LOCAL_VELOCITY,1526683214.2299471,8.6122417,0.0350507,-0.1620508
MsgID.GLOBAL_POSITION,1526683214.3588834,-122.3957298,37.7933795,2.8860000
MsgID.LOCAL_VELOCITY,1526683214.3588834,8.6900000,0.0600000,-0.1100000
MsgID.LOCAL_POSITION,1526683214.4900825,12.1446667,-0.0361103,-2.8911803
MsgID.LOCAL_VELOCITY,1526683214.4900825,8.7371044,0.0788706,-0.0672417
MsgID.GLOBAL_POSITION,1526683214.6088524,-122.3957296,37.7934001,2.8950000
MsgID.LOCAL_VELOCITY,1526683214.6088524,8.7500000,0.0700000,0.0000000
MsgID.LOCAL_POSITION,1526683214.7300012,14.2389050,-0.0317228,-2.9032001
MsgID.LOCAL_VELOCITY,1526683214.7300012,8.7988358,0.0709279,-0.0107845
MsgID.STATE,1526683214.8226373,True,True
MsgID.GLOBAL_HOME,1526683214.8444841,-122.3957290,37.7932815,0.0000000
MsgID.GLOBAL_POSITION,1526683214.8859284,-122.3957286,37.7934178,2.9090000
MsgID.LOCAL_VELOCITY,1526683214.8859284,8.8000000,0.0600000,0.0600000
MsgID.LOCAL_POSITION,1526683214.9923518,16.3055267,0.0564009,-2.9140098
MsgID.LOCAL_VELOCITY,1526683214.9923518,8.7869978,0.0434228,0.1106831
MsgID.GLOBAL_POSITION,1526683215.1089315,-122.3957287,37.7934382,2.9150000
MsgID.LOCAL_VELOCITY,1526683215.1089315,8.5400000,0.0000000,0.1100000
MsgID.LOCAL_POSITION,1526683215.2421515,18.6262054,0.0596088,-2.9203281
MsgID.LOCAL_VELOCITY,1526683215.2421515,7.8253579,-0.0184707,0.1399741
MsgID.GLOBAL_POSITION,1526683215.3589299,-122.3957275,37.7934572,2.9230000
MsgID.LOCAL_VELOCITY,1526683215.3589299,6.9400000,-0.0300000,0.1700000
MsgID.LOCAL_POSITION,1526683215.4924266,20.3146667,0.1474738,-2.9249706
MsgID.LOCAL_VELOCITY,1526683215.4924266,5.9232783,-0.0435830,0.2111683
MsgID.GLOBAL_POSITION,1526683215.5985212,-122.3957286,37.7934696,2.9250000
MsgID.LOCAL_VELOCITY,1526683215.5985212,5.0800000,0.0100000,0.1600000
MsgID.LOCAL_POSITION,1526683215.7423227,21.5131359,-0.0817865,-2.9281037
MsgID.LOCAL_VELOCITY,1526683215.7423227,4.4489584,0.4138173,0.1893825
MsgID.STATE,1526683215.8224394,True,True
MsgID.GLOBAL_HOME,1526683215.8442454,-122.3957290,37.7932815,0.0000000
MsgID.GLOBAL_POSITION,1526683215.8857334,-122.3957290,37.7934795,2.9250000
MsgID.LOCAL_VELOCITY,1526683215.8857334,4.0600000,0.9100000,0.1900000
MsgID.LOCAL_POSITION,1526683215.9923735,22.4879951,0.2890658,-2.9221666
MsgID.LOCAL_VELOCITY,1526683215.9923735,3.6637008,1.5088204,0.1804491
MsgID.GLOBAL_POSITION,1526683216.1091783,-122.3957224,37.7934872,2.9160000
MsgID.LOCAL_VELOCITY,1526683216.1091783,3.2900000,2.0000000,0.1600000
MsgID.LOCAL_POSITION,1526683216.2422798,23.2255764,0.8804550,-2.9129126
MsgID.LOCAL_VELOCITY,1526683216.2422798,2.8353760,2.5823078,0.1044594
MsgID.GLOBAL_POSITION,1526683216.3590400,-122.3957164,37.7934933,2.9140000
MsgID.LOCAL_VELOCITY,1526683216.3590400,2.4400000,3.0500000,0.0800000
MsgID.LOCAL_POSITION,1526683216.4922869,23.8447628,1.5523622,-2.9150014
MsgID.LOCAL_VELOCITY,1526683216.4922869,1.9957815,3.5748014,0.0320905
MsgID.GLOBAL_POSITION,1526683216.6090190,-122.3957057,37.7934978,2.9150000
MsgID.LOCAL_VELOCITY,1526683216.6090190,1.6200000,3.9900000,0.0400000
MsgID.LOCAL_POSITION,1526683216.7423570,24.1893921,2.6911306,-2.9142187
MsgID.LOCAL_VELOCITY,1526683216.7423570,1.2119122,4.4558325,0.0436476
MsgID.STATE,1526683216.8225992,True,True
MsgID.GLOBAL_HOME,1526683216.8445704,-122.3957290,37.7932815,0.0000000
MsgID.GLOBAL_POSITION,1526683216.8856649,-122.3956932,37.7935006,2.9100000
MsgID.LOCAL_VELOCITY,1526683216.8856649,0.8400000,4.8400000,0.0300000
MsgID.LOCAL_POSITION,1526683216.9907269,24.5188599,3.7595117,-2.9062603
MsgID.LOCAL_VELOCITY,1526683216.9907269,0.4402168,5.2869310,0.0042435
MsgID.GLOBAL_POSITION,1526683217.1087215,-122.3956800,37.7935030,2.9030000
MsgID.LOCAL_VELOCITY,1526683217.1087215,0.0800000,5.6500000,-0.0300000
MsgID.LOCAL_POSITION,1526683217.2421894,24.5931969,5.1561007,-2.9024148
MsgID.LOCAL_VELOCITY,1526683217.2421894,-0.3218054,6.0667825,-0.0773436
MsgID.GLOBAL_POSITION,1526683217.3537955,-122.3956622,37.7935021,2.9050000
MsgID.LOCAL_VELOCITY,1526683217.3537955,-0.6700000,6.4100000,-0.1200000
MsgID.LOCAL_POSITION,1526683217.4922366,24.3875294,6.8246880,-2.9120698
MsgID.LOCAL_VELOCITY,1526683217.4922366,-1.0675011,6.7819490,-0.1487219
MsgID.GLOBAL_POSITION,1526683217.6037378,-122.3956439,37.7934997,2.9160000
MsgID.LOCAL_VELOCITY,1526683217.6037378,-1.3800000,7.0700000,-0.1100000
MsgID.LOCAL_POSITION,1526683217.7370777,24.0376511,8.4410591,-2.9169612
MsgID.LOCAL_VELOCITY,1526683217.7370777,-1.7383282,7.3942857,-0.0963378
MsgID.STATE,1526683217.8196139,True,True
MsgID.GLOBAL_HOME,1526683217.8444231,-122.3957290,37.7932815,0.0000000
MsgID.GLOBAL_POSITION,1526683217.8855836,-122.3956241,37.7934961,2.9160000
MsgID.LOCAL_VELOCITY,1526683217.8855836,-2.0400000,7.6800000,-0.1100000
MsgID.LOCAL_POSITION,1526683217.9919677,23.6309223,10.5146875,-2.9167373
MsgID.LOCAL_VELOCITY,1526683217.9919677,-2.3661532,7.9530673,-0.1170592
MsgID.GLOBAL_POSITION,1526683218.1080086,-122.3955989,37.7934919,2.9160000
MsgID.LOCAL_VELOCITY,1526683218.1080086,-2.5900000,8.0900000,-0.1000000
MsgID.LOCAL_POSITION,1526683218.2419300,22.9792938,12.6040459,-2.9173989
MsgID.LOCAL_VELOCITY,1526683218.2419300,-2.8241215,8.1917734,-0.1342198
MsgID.GLOBAL_POSITION,1526683218.3578887,-122.3955777,37.7934844,2.9160000
MsgID.LOCAL_VELOCITY,1526683218.3578887,-2.9600000,8.2100000,-0.1000000
MsgID.LOCAL_POSITION,1526683218.4912608,22.0504684,14.4557409,-2.9139464
MsgID.LOCAL_VELOCITY,1526683218.4912608,-3.0817180,8.2387877,-0.1018728
MsgID.GLOBAL_POSITION,1526683218.6038234,-122.3955550,37.7934766,2.9130000
MsgID.LOCAL_VELOCITY,1526683218.6038234,-3.1100000,8.2600000,-0.1200000
MsgID.LOCAL_POSITION,1526683218.7423334,21.3083344,16.7140198,-2.9139097
MsgID.LOCAL_VELOCITY,1526683218.7423334,-3.0916800,8.2273703,-0.1313378
MsgID.STATE,1526683218.8257298,True,True
MsgID.GLOBAL_HOME,1526683218.8413999,-122.3957290,37.7932815,0.0000000
MsgID.GLOBAL_POSITION,1526683218.8808191,-122.3955293,37.7934703,2.9140000
MsgID.LOCAL_VELOCITY,1526683218.8808191,-2.9800000,7.8700000,-0.1500000
MsgID.LOCAL_POSITION,1526683218.9923818,20.5835857,18.7872772,-2.9148145
MsgID.LOCAL_VELOCITY,1526683218.9923818,-2.7391310,7.1049075,-0.1204708
MsgID.GLOBAL_POSITION,1526683219.1035492,-122.3955090,37.7934639,2.9110000
MsgID.LOCAL_VELOCITY,1526683219.1035492,-2.4600000,6.3200000,-0.0800000
MsgID.LOCAL_POSITION,1526683219.2420199,20.0059853,20.2837334,-2.9112897
MsgID.LOCAL_VELOCITY,1526683219.2420199,-2.1331046,5.4200616,-0.1371553
MsgID.GLOBAL_POSITION,1526683219.3589001,-122.3954949,37.7934602,2.9180000
MsgID.LOCAL_VELOCITY,1526683219.3589001,-1.8900000,4.6900000,-0.1600000
MsgID.LOCAL_POSITION,1526683219.4922318,19.6569977,21.3566780,-2.9301980
MsgID.LOCAL_VELOCITY,1526683219.4922318,-2.0334220,4.1040072,-0.1461719
MsgID.GLOBAL_POSITION,1526683219.6086204,-122.3954839,37.7934559,2.9390000
MsgID.LOCAL_VELOCITY,1526683219.6086204,-2.4500000,3.6800000,-0.0900000
MsgID.LOCAL_POSITION,1526683219.7421534,18.9277859,22.2522583,-2.9436774
MsgID.LOCAL_VELOCITY,1526683219.7421534,-3.0318382,3.2151036,-0.0078210
MsgID.STATE,1526683219.8244207,True,True
MsgID.GLOBAL_HOME,1526683219.8350811,-122.3957290,37.7932815,0.0000000
MsgID.GLOBAL_POSITION,1526683219.8805988,-122.3954747,37.7934480,2.9440000
MsgID.LOCAL_VELOCITY,1526683219.8805988,-3.5000000,2.7800000,0.0000000
MsgID.LOCAL_POSITION,1526683219.9868195,18.0035400,22.9434433,-2.9452281
MsgID.LOCAL_VELOCITY,1526683219.9868195,-3.9334280,2.3300617,0.0669617
MsgID.GLOBAL_POSITION,1526683220.1085777,-122.3954681,37.7934392,2.9470000
MsgID.LOCAL_VELOCITY,1526683220.1085777,-4.3000000,1.9100000,0.0500000
MsgID.LOCAL_POSITION,1526683220.2431707,16.9145851,23.4156456,-2.9500017
MsgID.LOCAL_VELOCITY,1526683220.2431707,-4.7193484,1.4534055,0.0742410
MsgID.GLOBAL_POSITION,1526683220.3592024,-122.3954639,37.7934284,2.9530000
MsgID.LOCAL_VELOCITY,1526683220.3592024,-5.0700000,1.0600000,0.0800000
MsgID.LOCAL_POSITION,1526683220.4926784,15.6082258,23.6751938,-2.9559245
MsgID.LOCAL_VELOCITY,1526683220.4926784,-5.4666123,0.6304356,0.1044881
MsgID.GLOBAL_POSITION,1526683220.6088860,-122.3954621,37.7934165,2.9580000
MsgID.LOCAL_VELOCITY,1526683220.6088860,-5.7900000,0.2600000,0.1200000
MsgID.LOCAL_POSITION,1526683220.7363896,14.2905741,23.7348614,-2.9547954
MsgID.LOCAL_VELOCITY,1526683220.7363896,-6.1565566,-0.1441633,0.1508456
MsgID.STATE,1526683220.8252866,True,True
MsgID.GLOBAL_HOME,1526683220.8357909,-122.3957290,37.7932815,0.0000000
MsgID.GLOBAL_POSITION,1526683220.8855462,-122.3954625,37.7934040,2.9540000
MsgID.LOCAL_VELOCITY,1526683220.8855462,-6.4900000,-0.5000000,0.0900000
MsgID.LOCAL_POSITION,1526683220.9919198,12.6984406,23.5337372,-2.9575491
MsgID.LOCAL_VELOCITY,1526683220.9919198,-6.8516951,-0.8991832,0.0849326
MsgID.GLOBAL_POSITION,1526683221.1088777,-122.3954664,37.7933879,2.9590000
MsgID.LOCAL_VELOCITY,1526683221.1088777,-7.1400000,-1.2100000,0.0900000
MsgID.LOCAL_POSITION,1526683221.2421217,10.7771893,23.1540051,-2.9570363
MsgID.LOCAL_VELOCITY,1526683221.2421217,-7.4918094,-1.5572407,0.0981902
MsgID.GLOBAL_POSITION,1526683221.3538353,-122.3954699,37.7933701,2.9540000
MsgID.LOCAL_VELOCITY,1526683221.3538353,-7.8000000,-1.8400000,0.0600000
MsgID.LOCAL_POSITION,1526683221.4920897,8.7825890,22.8504562,-2.9524868
MsgID.LOCAL_VELOCITY,1526683221.4920897,-8.0867462,-2.1157358,0.0601078
MsgID.GLOBAL_POSITION,1526683221.6093957,-122.3954746,37.7933522,2.9490000
MsgID.LOCAL_VELOCITY,1526683221.6093957,-8.2400000,-2.3000000,0.0500000
MsgID.LOCAL_POSITION,1526683221.7420993,6.7263861,22.2928638,-2.9437542
MsgID.LOCAL_VELOCITY,1526683221.7420993,-8.3292208,-2.4800401,0.0398170
MsgID.STATE,1526683221.8244326,True,True
MsgID.GLOBAL_HOME,1526683221.8451538,-122.3957290,37.7932815,0.0000000
MsgID.GLOBAL_POSITION,1526683221.8855760,-122.3954814,37.7933326,2.9430000
MsgID.LOCAL_VELOCITY,1526683221.8855760,-8.3600000,-2.6000000,0.0000000
MsgID.LOCAL_POSITION,1526683221.9931035,4.5332918,21.6840286,-2.9461479
MsgID.LOCAL_VELOCITY,1526683221.9931035,-8.3722124,-2.7179697,-0.0242576
MsgID.GLOBAL_POSITION,1526683222.1088517,-122.3954881,37.7933143,2.9510000
MsgID.LOCAL_VELOCITY,1526683222.1088517,-8.3400000,-2.8000000,-0.0200000
MsgID.LOCAL_POSITION,1526683222.2368684,2.6962793,21.0572281,-2.9533768
MsgID.LOCAL_VELOCITY,1526683222.2368684,-8.0777426,-2.7849414,-0.0015296
MsgID.GLOBAL_POSITION,1526683222.3550344,-122.3954963,37.7932978,2.9530000
MsgID.LOCAL_VELOCITY,1526683222.3550344,-7.5000000,-2.6400000,0.0100000
MsgID.LOCAL_POSITION,1526683222.4879544,0.7718065,20.2585163,-2.9529440
MsgID.LOCAL_VELOCITY,1526683222.4879544,-6.5640678,-2.3652363,0.0286657
MsgID.GLOBAL_POSITION,1526683222.6037529,-122.3955041,37.7932810,2.9520000
MsgID.LOCAL_VELOCITY,1526683222.6037529,-5.6800000,-2.0700000,0.0000000
MsgID.LOCAL_POSITION,1526683222.7367792,-0.7996176,19.8350544,-2.9563630
MsgID.LOCAL_VELOCITY,1526683222.7367792,-4.7875495,-1.7495341,-0.0175821
MsgID.STATE,1526683222.8206463,True,True
MsgID.GLOBAL_HOME,1526683222.8462465,-122.3957290,37.7932815,0.0000000
MsgID.GLOBAL_POSITION,1526683222.8844936,-122.3955077,37.7932698,2.9590000
MsgID.LOCAL_VELOCITY,1526683222.8844936,-4.0900000,-1.4900000,0.0200000
MsgID.LOCAL_POSITION,1526683222.9887869,-1.8032913,19.3975811,-2.9575598
MsgID.LOCAL_VELOCITY,1526683222.9887869,-3.3172271,-1.2246035,0.0274696
MsgID.GLOBAL_POSITION,1526683223.1096680,-122.3955135,37.7932618,2.9560000
MsgID.LOCAL_VELOCITY,1526683223.1096680,-2.6300000,-0.9800000,0.0000000
MsgID.LOCAL_POSITION,1526683223.2432003,-2.5040398,18.9795322,-2.9564555
MsgID.LOCAL_VELOCITY,1526683223.2432003,-1.8865107,-0.6963586,-0.0155265
MsgID.GLOBAL_POSITION,1526683223.3588996,-122.3955164,37.7932577,2.9560000
MsgID.LOCAL_VELOCITY,1526683223.3588996,-1.2600000,-0.4400000,0.0000000
MsgID.LOCAL_POSITION,1526683223.4938788,-2.7122095,18.8602200,-2.9551876
MsgID.LOCAL_VELOCITY,1526683223.4938788,-0.5727273,-0.1579950,-0.0167103
MsgID.GLOBAL_POSITION,1526683223.6094959,-122.3955166,37.7932570,2.9550000
MsgID.LOCAL_VELOCITY,1526683223.6094959,0.0100000,0.0800000,-0.0300000
MsgID.LOCAL_POSITION,1526683223.7436781,-2.6493907,19.0140419,-2.9545398
MsgID.LOCAL_VELOCITY,1526683223.7436781,0.6389889,0.3464738,-0.0057274
MsgID.STATE,1526683223.8250687,True,True
MsgID.GLOBAL_HOME,1526683223.8408799,-122.3957290,37.7932815,0.0000000
MsgID.GLOBAL_POSITION,1526683223.8806837,-122.3955134,37.7932590,2.9520000
MsgID.LOCAL_VELOCITY,1526683223.8806837,1.1900000,0.5500000,-0.0100000
MsgID.LOCAL_POSITION,1526683223.9943473,-2.2599947,19.3069324,-2.9508951
MsgID.LOCAL_VELOCITY,1526683223.9943473,1.8293797,0.7667779,-0.0455838
MsgID.GLOBAL_POSITION,1526683224.1039889,-122.3955107,37.7932632,2.9510000
MsgID.LOCAL_VELOCITY,1526683224.1039889,2.3600000,0.9000000,-0.0400000
MsgID.LOCAL_POSITION,1526683224.2442133,-1.7015833,19.5186539,-2.9542418
MsgID.LOCAL_VELOCITY,1526683224.2442133,2.9067507,0.9965687,-0.0991092
MsgID.GLOBAL_POSITION,1526683224.3598895,-122.3955081,37.7932693,2.9570000
MsgID.LOCAL_VELOCITY,1526683224.3598895,3.1100000,0.9900000,-0.0400000
MsgID.LOCAL_POSITION,1526683224.4940102,-0.9388955,19.8026543,-2.9565508
MsgID.LOCAL_VELOCITY,1526683224.4940102,3.0684958,0.9252274,-0.0351001
MsgID.GLOBAL_POSITION,1526683224.6095574,-122.3955050,37.7932762,2.9570000
MsgID.LOCAL_VELOCITY,1526683224.6095574,2.7900000,0.8000000,-0.0200000
MsgID.LOCAL_POSITION,1526683224.7430727,-0.2536691,19.9319019,-2.9570668
MsgID.LOCAL_VELOCITY,1526683224.7430727,2.2947345,0.6275676,-0.0305754
MsgID.STATE,1526683224.8258564,True,True
MsgID.GLOBAL_HOME,1526683224.8364952,-122.3957290,37.7932815,0.0000000
MsgID.GLOBAL_POSITION,1526683224.8858840,-122.3955050,37.7932814,2.9570000
MsgID.LOCAL_VELOCITY,1526683224.8858840,1.7500000,0.4100000,0.0000000
MsgID.LOCAL_POSITION,1526683224.9937928,0.1847052,19.8479061,-2.9584334
MsgID.LOCAL_VELOCITY,1526683224.9937928,1.3324310,-0.1211124,-0.0215023
MsgID.GLOBAL_POSITION,1526683225.1103303,-122.3955068,37.7932845,2.9590000
MsgID.LOCAL_VELOCITY,1526683225.1103303,1.1900000,-0.7000000,-0.0200000
MsgID.LOCAL_POSITION,1526683225.2438462,0.4721279,19.6461201,-2.9605651
MsgID.LOCAL_VELOCITY,1526683225.2438462,1.1324424,-1.3508064,0.0060038
MsgID.GLOBAL_POSITION,1526683225.3598919,-122.3955090,37.7932865,2.9600000
MsgID.LOCAL_VELOCITY,1526683225.3598919,1.0500000,-1.9200000,-0.0100000
MsgID.LOCAL_POSITION,1526683225.4934051,0.6096854,19.3773403,-2.9641933
MsgID.LOCAL_VELOCITY,1526683225.4934051,0.9197319,-2.5618818,-0.0230129
MsgID.GLOBAL_POSITION,1526683225.6101730,-122.3955148,37.7932875,2.9660000
MsgID.LOCAL_VELOCITY,1526683225.6101730,0.7900000,-3.0800000,0.0000000
MsgID.LOCAL_POSITION,1526683225.7432523,0.7679260,18.4388371,-2.9718287
MsgID.LOCAL_VELOCITY,1526683225.7432523,0.6587279,-3.6745584,0.0088324
MsgID.STATE,1526683225.8206260,True,True
MsgID.GLOBAL_HOME,1526683225.8352702,-122.3957290,37.7932815,0.0000000
MsgID.GLOBAL_POSITION,1526683225.8858373,-122.3955278,37.7932896,2.9740000
MsgID.LOCAL_VELOCITY,1526683225.8858373,0.5400000,-4.1500000,0.0300000
MsgID.LOCAL_POSITION,1526683225.9933040,1.0613829,17.3205490,-2.9774938
MsgID.LOCAL_VELOCITY,1526683225.9933040,0.4227721,-4.7132316,0.0450432
MsgID.GLOBAL_POSITION,1526683226.1104712,-122.3955398,37.7932920,2.9790000
MsgID.LOCAL_VELOCITY,1526683226.1104712,0.3000000,-5.1600000,0.0700000
MsgID.LOCAL_POSITION,1526683226.2433476,1.1968061,16.1301231,-2.9776793
MsgID.LOCAL_VELOCITY,1526683226.2433476,0.1756121,-5.6671309,0.1044999
MsgID.GLOBAL_POSITION,1526683226.3600368,-122.3955554,37.7932922,2.9750000
MsgID.LOCAL_VELOCITY,1526683226.3600368,0.0500000,-6.0900000,0.1100000
MsgID.LOCAL_POSITION,1526683226.4933169,1.1650959,14.5810242,-2.9761372
MsgID.LOCAL_VELOCITY,1526683226.4933169,-0.0884727,-6.6105094,0.0738187
MsgID.GLOBAL_POSITION,1526683226.6100295,-122.3955738,37.7932918,2.9800000
MsgID.LOCAL_VELOCITY,1526683226.6100295,-0.2000000,-7.0000000,0.1000000
MsgID.LOCAL_POSITION,1526683226.7434092,1.1117778,12.8143692,-2.9809184
MsgID.LOCAL_VELOCITY,1526683226.7434092,-0.3258219,-7.4546251,0.1222482
MsgID.STATE,1526683226.8258209,True,True
MsgID.GLOBAL_HOME,1526683226.8363457,-122.3957290,37.7932815,0.0000000
MsgID.GLOBAL_POSITION,1526683226.8808374,-122.3955949,37.7932911,2.9790000
MsgID.LOCAL_VELOCITY,1526683226.8808374,-0.4300000,-7.8400000,0.1100000
MsgID.LOCAL_POSITION,1526683226.9933658,1.0318393,10.9153833,-2.9766436
MsgID.LOCAL_VELOCITY,1526683226.9933658,-0.5461500,-8.2206182,0.1039247
MsgID.GLOBAL_POSITION,1526683227.1048291,-122.3956162,37.7932908,2.9740000
MsgID.LOCAL_VELOCITY,1526683227.1048291,-0.6200000,-8.4400000,0.0900000
MsgID.LOCAL_POSITION,1526683227.2433829,0.9766391,8.9040289,-2.9700692
MsgID.LOCAL_VELOCITY,1526683227.2433829,-0.7111674,-8.6239643,0.0394224
MsgID.GLOBAL_POSITION,1526683227.3598595,-122.3956415,37.7932890,2.9670000
MsgID.LOCAL_VELOCITY,1526683227.3598595,-0.7700000,-8.7100000,0.0100000
MsgID.LOCAL_POSITION,1526683227.4935796,0.5972549,6.4749870,-2.9641154
MsgID.LOCAL_VELOCITY,1526683227.4935796,-0.8350948,-8.7595940,0.0307505
MsgID.GLOBAL_POSITION,1526683227.6101997,-122.3956675,37.7932853,2.9570000
MsgID.LOCAL_VELOCITY,1526683227.6101997,-0.8600000,-8.8000000,-0.0200000
MsgID.LOCAL_POSITION,1526683227.7438223,0.3520068,4.4125233,-2.9566715
MsgID.LOCAL_VELOCITY,1526683227.7438223,-0.8412140,-8.8379278,-0.0900114
MsgID.STATE,1526683227.8259587,True,True
MsgID.GLOBAL_HOME,1526683227.8367219,-122.3957290,37.7932815,0.0000000
MsgID.GLOBAL_POSITION,1526683227.8846605,-122.3956899,37.7932849,2.9580000
MsgID.LOCAL_VELOCITY,1526683227.8846605,-0.7800000,-8.7300000,-0.1400000
MsgID.LOCAL_POSITION,1526683227.9954016,0.3925064,2.3801932,-2.9604735
MsgID.LOCAL_VELOCITY,1526683227.9954016,-0.7309540,-8.2440052,-0.1014613
MsgID.GLOBAL_POSITION,1526683228.1050837,-122.3957125,37.7932846,2.9530000
MsgID.LOCAL_VELOCITY,1526683228.1050837,-0.7000000,-7.4900000,-0.0800000
MsgID.LOCAL_POSITION,1526683228.2453434,0.2244416,0.5245143,-2.9460969
MsgID.LOCAL_VELOCITY,1526683228.2453434,-0.6861565,-6.5127058,-0.1534013
MsgID.GLOBAL_POSITION,1526683228.3604386,-122.3957317,37.7932822,2.9460000
MsgID.LOCAL_VELOCITY,1526683228.3604386,-0.6500000,-5.6600000,-0.2300000
MsgID.LOCAL_POSITION,1526683228.4941261,-0.0915416,-1.0284646,-2.9542921
MsgID.LOCAL_VELOCITY,1526683228.4941261,-0.5832312,-4.7620687,-0.2450025
MsgID.GLOBAL_POSITION,1526683228.6117301,-122.3957467,37.7932800,2.9560000
MsgID.LOCAL_VELOCITY,1526683228.6117301,-0.5000000,-4.0400000,-0.1800000
MsgID.LOCAL_POSITION,1526683228.7451997,-0.2161899,-1.9906751,-2.9561367
MsgID.LOCAL_VELOCITY,1526683228.7451997,-0.4037361,-3.2114842,-0.1868939
MsgID.STATE,1526683228.8247182,True,True
MsgID.GLOBAL_HOME,1526683228.8462942,-122.3957290,37.7932815,0.0000000
MsgID.GLOBAL_POSITION,1526683228.8896651,-122.3957544,37.7932788,2.9570000
MsgID.LOCAL_VELOCITY,1526683228.8896651,-0.3200000,-2.5000000,-0.1700000
MsgID.LOCAL_POSITION,1526683228.9951401,-0.4296889,-2.5291135,-2.9602644
MsgID.LOCAL_VELOCITY,1526683228.9951401,-0.2321537,-1.7280126,-0.1684084
MsgID.GLOBAL_POSITION,1526683229.1105254,-122.3957597,37.7932773,2.9630000
MsgID.LOCAL_VELOCITY,1526683229.1105254,-0.1400000,-1.0800000,-0.1400000
MsgID.LOCAL_POSITION,1526683229.2443774,-0.4123172,-2.8675144,-2.9693894
MsgID.LOCAL_VELOCITY,1526683229.2443774,-0.0359859,-0.3490821,-0.1402767
MsgID.GLOBAL_POSITION,1526683229.3619761,-122.3957617,37.7932785,2.9730000
MsgID.LOCAL_VELOCITY,1526683229.3619761,0.0500000,0.2300000,-0.0700000
MsgID.LOCAL_POSITION,1526683229.4912426,-0.2851595,-2.8314412,-2.9753671
MsgID.LOCAL_VELOCITY,1526683229.4912426,0.1300171,0.8993141,-0.0220248
MsgID.GLOBAL_POSITION,1526683229.6118767,-122.3957591,37.7932790,2.9780000
MsgID.LOCAL_VELOCITY,1526683229.6118767,0.1800000,1.4800000,-0.0200000
MsgID.LOCAL_POSITION,1526683229.7455819,-0.2748179,-2.3589404,-2.9867494
MsgID.LOCAL_VELOCITY,1526683229.7455819,0.2329159,2.1273878,0.0025279
MsgID.STATE,1526683229.8246937,True,True
MsgID.GLOBAL_HOME,1526683229.8464940,-122.3957290,37.7932815,0.0000000
MsgID.GLOBAL_POSITION,1526683229.8897681,-122.3957520,37.7932793,2.9920000
MsgID.LOCAL_VELOCITY,1526683229.8897681,0.2800000,2.6400000,0.0400000
MsgID.LOCAL_POSITION,1526683229.9943676,-0.2046842,-1.7164733,-2.9967184
MsgID.LOCAL_VELOCITY,1526683229.9943676,0.3361457,3.0444994,0.1110335
MsgID.GLOBAL_POSITION,1526683230.1121235,-122.3957456,37.7932801,2.9970000
MsgID.LOCAL_VELOCITY,1526683230.1121235,0.3600000,3.1600000,0.1100000
MsgID.LOCAL_POSITION,1526683230.2462859,-0.0457193,-1.1363738,-2.9948783
MsgID.LOCAL_VELOCITY,1526683230.2462859,0.3610700,3.0907860,0.1689765
MsgID.GLOBAL_POSITION,1526683230.3618672,-122.3957376,37.7932821,2.9920000
MsgID.LOCAL_VELOCITY,1526683230.3618672,0.3100000,2.8800000,0.1400000
MsgID.LOCAL_POSITION,1526683230.4956441,0.1051743,-0.3188492,-2.9913590
MsgID.LOCAL_VELOCITY,1526683230.4956441,0.2215723,2.4996543,0.1625900
MsgID.GLOBAL_POSITION,1526683230.6055770,-122.3957293,37.7932821,2.9900000
MsgID.LOCAL_VELOCITY,1526683230.6055770,0.1200000,1.9500000,0.1100000
MsgID.LOCAL_POSITION,1526683230.7445962,0.0089700,0.1882554,-2.9884112
MsgID.LOCAL_VELOCITY,1526683230.7445962,0.0527928,1.3272285,0.1057350
MsgID.STATE,1526683230.8158467,True,True
MsgID.GLOBAL_HOME,1526683230.8454483,-122.3957290,37.7932815,0.0000000
MsgID.GLOBAL_POSITION,1526683230.8857102,-122.3957255,37.7932816,2.9850000
MsgID.LOCAL_VELOCITY,1526683230.8857102,0.0200000,0.8800000,0.0800000
MsgID.LOCAL_POSITION,1526683230.9955347,0.0286765,0.4123935,-2.9778762
MsgID.LOCAL_VELOCITY,1526683230.9955347,0.0235366,0.5487350,0.0936958
MsgID.GLOBAL_POSITION,1526683231.1107476,-122.3957235,37.7932817,2.9370000
MsgID.LOCAL_VELOCITY,1526683231.1107476,0.0200000,0.4600000,0.7900000
MsgID.LOCAL_POSITION,1526683231.2448840,-0.0116678,0.5876371,-2.7745845
MsgID.LOCAL_VELOCITY,1526683231.2448840,0.0203296,0.3868234,1.5036494
MsgID.GLOBAL_POSITION,1526683231.3605084,-122.3957218,37.7932808,2.5720000
MsgID.LOCAL_VELOCITY,1526683231.3605084,0.0100000,0.3000000,1.8000000
MsgID.LOCAL_POSITION,1526683231.4957886,-0.1373574,0.5942702,-2.3050203
MsgID.LOCAL_VELOCITY,1526683231.4957886,0.0144137,0.2172653,1.9996294
MsgID.GLOBAL_POSITION,1526683231.6112080,-122.3957233,37.7932804,2.0550000
MsgID.LOCAL_VELOCITY,1526683231.6112080,0.0100000,0.1500000,2.0700000
MsgID.LOCAL_POSITION,1526683231.7451358,-0.0355717,0.4511261,-1.7589061
MsgID.LOCAL_VELOCITY,1526683231.7451358,0.0197351,0.0943713,2.1154735
MsgID.STATE,1526683231.8262324,True,True
MsgID.GLOBAL_HOME,1526683231.8473892,-122.3957290,37.7932815,0.0000000
MsgID.GLOBAL_POSITION,1526683231.8899930,-122.3957236,37.7932818,1.4920000
MsgID.LOCAL_VELOCITY,1526683231.8899930,0.0200000,0.0600000,2.1500000
MsgID.LOCAL_POSITION,1526683231.9965641,0.0540162,0.5269357,-1.1852711
MsgID.LOCAL_VELOCITY,1526683231.9965641,0.0166680,0.0408237,2.1889818
MsgID.GLOBAL_POSITION,1526683232.1119144,-122.3957231,37.7932818,0.9130000
MsgID.LOCAL_VELOCITY,1526683232.1119144,0.0100000,0.0200000,2.1800000
MsgID.LOCAL_POSITION,1526683232.2456765,0.0213294,0.5257353,-0.6088148
MsgID.LOCAL_VELOCITY,1526683232.2456765,0.0053322,0.0096579,2.1678536
MsgID.GLOBAL_POSITION,1526683232.3610895,-122.3957223,37.7932817,0.3440000
MsgID.LOCAL_VELOCITY,1526683232.3610895,0.0000000,0.0000000,2.1600000
MsgID.LOCAL_POSITION,1526683232.4971213,0.0214653,0.7352206,-0.0461486
MsgID.LOCAL_VELOCITY,1526683232.4971213,0.0028662,-0.0101633,2.0004721
MsgID.GLOBAL_POSITION,1526683232.6121528,-122.3957201,37.7932819,-0.0550000
MsgID.LOCAL_VELOCITY,1526683232.6121528,0.0300000,0.0300000,-0.1600000
MsgID.LOCAL_POSITION,1526683232.7456532,0.1189113,0.7493249,0.0349336
MsgID.LOCAL_VELOCITY,1526683232.7456532,0.0233004,0.0226220,-0.1997648
MsgID.STATE,1526683232.8248842,True,True
MsgID.GLOBAL_HOME,1526683232.8467672,-122.3957290,37.7932815,0.0000000
MsgID.GLOBAL_POSITION,1526683232.8897564,-122.3957213,37.7932831,-0.0190000
MsgID.LOCAL_VELOCITY,1526683232.8897564,0.0100000,0.0000000,-0.1100000
MsgID.LOCAL_POSITION,1526683232.9904242,0.1582014,0.6644815,0.0079854
MsgID.LOCAL_VELOCITY,1526683232.9904242,0.0011701,-0.0145051,-0.0144105
MsgID.GLOBAL_POSITION,1526683233.1108727,-122.3957216,37.7932822,-0.0490000
MsgID.LOCAL_VELOCITY,1526683233.1108727,0.0000000,-0.0100000,0.9500000
MsgID.LOCAL_POSITION,1526683233.2464576,0.0057751,0.6286153,0.0501973
MsgID.LOCAL_VELOCITY,1526683233.2464576,0.0000364,-0.0000149,-0.0000014
MsgID.GLOBAL_POSITION,1526683233.3567083,-122.3957221,37.7932815,-0.0370000
MsgID.LOCAL_VELOCITY,1526683233.3567083,0.0000000,0.0000000,0.0000000
MsgID.LOCAL_POSITION,1526683233.4955599,0.0202041,0.6561721,0.0202607
MsgID.LOCAL_VELOCITY,1526683233.4955599,0.0000371,-0.0000138,0.0000237
MsgID.GLOBAL_POSITION,1526683233.6109569,-122.3957209,37.7932818,-0.0020000
MsgID.LOCAL_VELOCITY,1526683233.6109569,0.0000000,0.0000000,0.0000000
MsgID.LOCAL_POSITION,1526683233.7469335,0.0126630,0.7242621,-0.0181924
MsgID.LOCAL_VELOCITY,1526683233.7469335,0.0000000,0.0000000,-0.0000000
